P3638,ACT
P5458,ACT
P3934,ACT
P4637,ACT
P6137,ACT
P3168,ACT
P8081,ACT
P8127,ACT
P1410,ACT
P6071,ACT
P1859,ACT
P6711,ACT
P7979,ACT
P9586,ACT
P3886,ACT
P7959,ACT
P6996,ACT
P9444,ACT
P1202,ACT
P9004,ACT
P9249,ACT
P1215,ACT
P2861,ACT
P9566,ACT
P3385,ACT
P1707,AAA
P3749,AAA
P9817,AAA
P1419,AAA
P8118,AAA
P8547,AAA
P2719,AAA
P6515,AAA
P4114,AAA
P1229,AAA
P2006,AAA
P9265,AAA
P8698,AAA
P1350,AAA
P3914,AAA
P1986,LOW
P9380,LOW
P8098,LOW
P7003,LOW
P9532,LOW
P6151,LOW
P9797,LOW
P2341,LOW
P3488,LOW
P8701,LOW
