P4804,ACT
P4396,ACT
P9559,ACT
P3017,ACT
P7903,ACT
P5026,ACT
P1628,ACT
P4700,ACT
P2225,ACT
P2747,ACT
P3109,ACT
P3260,ACT
P7946,ACT
P7547,ACT
P5610,ACT
P7013,ACT
P3134,ACT
P5704,ACT
P6668,ACT
P1321,ACT
P2989,ACT
P6708,ACT
P6188,ACT
P2607,ACT
P3118,ACT
P1080,AAA
P7157,AAA
P5272,AAA
P2759,AAA
P4882,AAA
P2306,AAA
P5018,AAA
P8727,AAA
P8403,AAA
P6431,AAA
P7564,AAA
P7658,AAA
P6653,AAA
P5008,AAA
P9394,AAA
P3041,LOW
P5825,LOW
P4749,LOW
P3700,LOW
P5491,LOW
P3836,LOW
P7455,LOW
P3191,LOW
P8427,LOW
P5420,LOW
